1 1 A1 1
2 1 A2 1
3 1 A3 1
4 1 A4 1
5 1 A5 0
6 1 A6 1
7 1 A7 1
8 1 A8 0
9 1 A9 0
10 1 A10 0
11 1 A11 1
12 1 A12 0
13 1 A13 0
14 1 A14 1
15 1 A15 1
16 1 A16 1
17 1 A17 1
18 1 A18 0
19 1 A19 0
20 1 A20 0
21 2 A1 1
22 2 A2 1
23 2 A3 1
24 2 A4 0
25 2 A5 0
26 2 A6 1
27 2 A7 0
28 2 A8 0
29 2 A9 0
30 2 A10 0
31 2 A11 0
32 2 A12 0
33 2 A13 0
34 2 A14 0
35 2 A15 1
36 2 A16 1
37 2 A17 0
38 2 A18 0
39 2 A19 0
40 2 A20 0
41 3 A1 1
42 3 A2 1
43 3 A3 1
44 3 A4 0
45 3 A5 0
46 3 A6 1
47 3 A7 0
48 3 A8 0
49 3 A9 0
50 3 A10 0
51 3 A11 0
52 3 A12 1
53 3 A13 1
54 3 A14 1
55 3 A15 0
56 3 A16 0
57 3 A17 0
58 3 A18 0
59 3 A19 0
60 3 A20 0
61 4 A1 1
62 4 A2 1
63 4 A3 1
64 4 A4 0
65 4 A5 0
66 4 A6 1
67 4 A7 0
68 4 A8 0
69 4 A9 0
70 4 A10 1
71 4 A11 0
72 4 A12 0
73 4 A13 0
74 4 A14 0
75 4 A15 0
76 4 A16 0
77 4 A17 0
78 4 A18 0
79 4 A19 0
80 4 A20 1
81 5 A1 1
82 5 A2 1
83 5 A3 1
84 5 A4 0
85 5 A5 0
86 5 A6 1
87 5 A7 0
88 5 A8 0
89 5 A9 0
90 5 A10 0
91 5 A11 0
92 5 A12 0
93 5 A13 0
94 5 A14 0
95 5 A15 0
96 5 A16 0
97 5 A17 0
98 5 A18 0
99 5 A19 0
100 5 A20 0
